7.407407407407404776e-01,0.000000000000000000e+00,3.703703703703704053e-01,-1.111111111111110716e+00,3.703703703703684624e-01,-4.440892098500626162e-16,0.000000000000000000e+00,7.407407407407408106e-01,0.000000000000000000e+00,0.000000000000000000e+00,0.000000000000000000e+00,0.000000000000000000e+00,0.000000000000000000e+00,0.000000000000000000e+00,0.000000000000000000e+00,-3.703703703703704053e-01,-3.703703703703704053e-01,-3.703703703703704053e-01,0.000000000000000000e+00,1.111111111111111160e+00,0.000000000000000000e+00,0.000000000000000000e+00,0.000000000000000000e+00,0.000000000000000000e+00,0.000000000000000000e+00,-3.703703703703704053e-01,0.000000000000000000e+00,-3.703703703703706829e-01,0.000000000000000000e+00,-3.703703703703704608e-01,-7.407407407407369249e-01,7.407407407407406996e-01
3.968253968253968034e-01,1.587301587301588768e+00,-7.936507936507979366e-01,7.936507936507937178e-01,0.000000000000000000e+00,0.000000000000000000e+00,0.000000000000000000e+00,0.000000000000000000e+00,0.000000000000000000e+00,0.000000000000000000e+00,0.000000000000000000e+00,3.968253968253969699e-01,3.968253968253967479e-01,0.000000000000000000e+00,3.968253968253968034e-01,0.000000000000000000e+00,-7.936507936507943839e-01,-3.968253968253968034e-01,0.000000000000000000e+00,-7.936507936507936067e-01,0.000000000000000000e+00,-3.968253968253967479e-01,0.000000000000000000e+00,0.000000000000000000e+00,0.000000000000000000e+00,0.000000000000000000e+00,0.000000000000000000e+00,-1.587301587301587436e+00,0.000000000000000000e+00,3.968253968253971919e-01,3.968253968253968589e-01,0.000000000000000000e+00
0.000000000000000000e+00,-1.129943502824858115e+00,2.542372881355937864e+00,-5.649717514124293904e-01,2.824858757062151948e-01,0.000000000000000000e+00,0.000000000000000000e+00,-5.649717514124293904e-01,0.000000000000000000e+00,2.824858757062146952e-01,-8.474576271186439191e-01,5.649717514124290574e-01,2.824858757062145287e-01,5.649717514124292794e-01,-2.824858757062146952e-01,5.649717514124293904e-01,-1.412429378531073532e+00,-5.649717514124293904e-01,-2.824858757062147507e-01,0.000000000000000000e+00,0.000000000000000000e+00,5.649717514124295015e-01,0.000000000000000000e+00,2.824858757062145287e-01,2.824858757062146952e-01,0.000000000000000000e+00,0.000000000000000000e+00,-5.649717514124297235e-01,2.824858757062146952e-01,-2.824858757062145287e-01,0.000000000000000000e+00,0.000000000000000000e+00
-4.444444444444443088e-01,0.000000000000000000e+00,-4.444444444444446418e-01,2.666666666666671404e+00,4.444444444444428655e-01,-4.444444444444443088e-01,0.000000000000000000e+00,0.000000000000000000e+00,8.888888888888888395e-01,-4.444444444444446418e-01,0.000000000000000000e+00,4.444444444444446418e-01,0.000000000000000000e+00,0.000000000000000000e+00,-2.666666666666669627e+00,0.000000000000000000e+00,0.000000000000000000e+00,0.000000000000000000e+00,0.000000000000000000e+00,-4.444444444444428655e-01,-4.444444444444444753e-01,0.000000000000000000e+00,0.000000000000000000e+00,0.000000000000000000e+00,0.000000000000000000e+00,0.000000000000000000e+00,-4.444444444444444753e-01,0.000000000000000000e+00,0.000000000000000000e+00,0.000000000000000000e+00,4.444444444444444753e-01,8.888888888888889506e-01
8.130081300813003509e-01,-4.065040650406503975e-01,4.065040650406503975e-01,-1.219512195121951414e+00,4.065040650406501754e+00,-3.658536585365855132e+00,0.000000000000000000e+00,0.000000000000000000e+00,0.000000000000000000e+00,8.130081300813007950e-01,0.000000000000000000e+00,4.065040650406506195e-01,0.000000000000000000e+00,0.000000000000000000e+00,-4.065040650406510636e-01,0.000000000000000000e+00,0.000000000000000000e+00,0.000000000000000000e+00,0.000000000000000000e+00,-4.065040650406503975e-01,0.000000000000000000e+00,0.000000000000000000e+00,0.000000000000000000e+00,0.000000000000000000e+00,0.000000000000000000e+00,4.065040650406503975e-01,0.000000000000000000e+00,0.000000000000000000e+00,-4.065040650406503975e-01,0.000000000000000000e+00,-4.065040650406503975e-01,0.000000000000000000e+00
-2.222222222222221433e+00,0.000000000000000000e+00,0.000000000000000000e+00,0.000000000000000000e+00,8.888888888888892836e-01,1.777777777777771462e+00,-4.444444444444444753e-01,0.000000000000000000e+00,0.000000000000000000e+00,0.000000000000000000e+00,0.000000000000000000e+00,0.000000000000000000e+00,0.000000000000000000e+00,0.000000000000000000e+00,4.444444444444443088e-01,-4.444444444444444753e-01,0.000000000000000000e+00,0.000000000000000000e+00,-4.444444444444443088e-01,-4.444444444444446418e-01,-4.444444444444444753e-01,0.000000000000000000e+00,0.000000000000000000e+00,0.000000000000000000e+00,0.000000000000000000e+00,0.000000000000000000e+00,0.000000000000000000e+00,0.000000000000000000e+00,0.000000000000000000e+00,8.888888888888888395e-01,0.000000000000000000e+00,4.444444444444437536e-01
0.000000000000000000e+00,0.000000000000000000e+00,-4.761904761904762751e-01,0.000000000000000000e+00,0.000000000000000000e+00,-4.761904761904762751e-01,4.761904761904673933e-01,0.000000000000000000e+00,0.000000000000000000e+00,4.761904761904762196e-01,0.000000000000000000e+00,4.761904761904762751e-01,0.000000000000000000e+00,0.000000000000000000e+00,-4.761904761904762196e-01,0.000000000000000000e+00,0.000000000000000000e+00,0.000000000000000000e+00,0.000000000000000000e+00,0.000000000000000000e+00,0.000000000000000000e+00,0.000000000000000000e+00,0.000000000000000000e+00,0.000000000000000000e+00,0.000000000000000000e+00,0.000000000000000000e+00,0.000000000000000000e+00,0.000000000000000000e+00,0.000000000000000000e+00,0.000000000000000000e+00,0.000000000000000000e+00,0.000000000000000000e+00
0.000000000000000000e+00,-4.385964912280701511e-01,0.000000000000000000e+00,0.000000000000000000e+00,4.385964912280700956e-01,-4.385964912280701511e-01,4.385964912280701511e-01,-4.385964912280826411e-01,0.000000000000000000e+00,4.385964912280699846e-01,0.000000000000000000e+00,0.000000000000000000e+00,0.000000000000000000e+00,0.000000000000000000e+00,-4.385964912280701511e-01,4.385964912280699846e-01,0.000000000000000000e+00,4.385964912280702066e-01,4.385964912280701511e-01,8.771929824561401912e-01,0.000000000000000000e+00,0.000000000000000000e+00,-4.385964912280702066e-01,0.000000000000000000e+00,-4.385964912280701511e-01,0.000000000000000000e+00,0.000000000000000000e+00,8.771929824561399691e-01,-8.771929824561404132e-01,-4.385964912280700956e-01,-4.385964912280700956e-01,0.000000000000000000e+00
0.000000000000000000e+00,0.000000000000000000e+00,-3.546099290780141966e-01,0.000000000000000000e+00,-3.546099290780144742e-01,-3.546099290780141966e-01,0.000000000000000000e+00,0.000000000000000000e+00,1.418439716312050791e+00,3.546099290780141966e-01,0.000000000000000000e+00,0.000000000000000000e+00,0.000000000000000000e+00,0.000000000000000000e+00,-3.546099290780142521e-01,1.418439716312056786e+00,0.000000000000000000e+00,0.000000000000000000e+00,-3.546099290780141966e-01,-1.773049645390071483e+00,0.000000000000000000e+00,0.000000000000000000e+00,-3.546099290780142521e-01,0.000000000000000000e+00,3.546099290780141966e-01,0.000000000000000000e+00,3.546099290780144742e-01,0.000000000000000000e+00,-3.546099290780141966e-01,0.000000000000000000e+00,0.000000000000000000e+00,3.546099290780142521e-01
0.000000000000000000e+00,0.000000000000000000e+00,0.000000000000000000e+00,0.000000000000000000e+00,-7.843137254901960675e-01,0.000000000000000000e+00,-7.843137254901960675e-01,-3.921568627450980338e-01,3.921568627450984224e-01,1.176470588235289938e+00,0.000000000000000000e+00,0.000000000000000000e+00,0.000000000000000000e+00,0.000000000000000000e+00,-7.843137254901959565e-01,0.000000000000000000e+00,0.000000000000000000e+00,0.000000000000000000e+00,7.843137254901961786e-01,0.000000000000000000e+00,0.000000000000000000e+00,0.000000000000000000e+00,3.921568627450984224e-01,0.000000000000000000e+00,3.921568627450980338e-01,0.000000000000000000e+00,-4.440892098500626162e-16,0.000000000000000000e+00,3.921568627450982003e-01,-3.921568627450979783e-01,0.000000000000000000e+00,-3.921568627450980338e-01
-8.771929824561403022e-01,-4.385964912280699846e-01,0.000000000000000000e+00,0.000000000000000000e+00,0.000000000000000000e+00,0.000000000000000000e+00,0.000000000000000000e+00,8.771929824561401912e-01,-4.385964912280701511e-01,0.000000000000000000e+00,3.070175438596507433e+00,1.315789473684210620e+00,0.000000000000000000e+00,0.000000000000000000e+00,0.000000000000000000e+00,0.000000000000000000e+00,4.385964912280701511e-01,0.000000000000000000e+00,0.000000000000000000e+00,-4.385964912280701511e-01,-4.385964912280701511e-01,4.385964912280701511e-01,-4.385964912280701511e-01,0.000000000000000000e+00,0.000000000000000000e+00,0.000000000000000000e+00,4.385964912280701511e-01,-3.508771929824561653e+00,-8.771929824561403022e-01,8.771929824561399691e-01,4.385964912280701511e-01,-4.385964912280701511e-01
-7.326007326007326625e-01,2.197802197802197099e+00,-7.326007326007326625e-01,7.326007326007326625e-01,7.326007326007326625e-01,-3.663003663003661092e-01,-1.831501831501831212e+00,-7.326007326007326625e-01,-3.663003663003663313e-01,-3.663003663003663313e-01,0.000000000000000000e+00,1.465201465201459996e+00,3.663003663003663313e-01,-3.663003663003663313e-01,0.000000000000000000e+00,3.663003663003663313e-01,-7.326007326007326625e-01,0.000000000000000000e+00,4.440892098500626162e-16,-3.663003663003663313e-01,0.000000000000000000e+00,1.098901098901098550e+00,0.000000000000000000e+00,3.663003663003661092e-01,3.663003663003663313e-01,0.000000000000000000e+00,3.663003663003661092e-01,-7.326007326007326625e-01,3.663003663003661092e-01,-1.098901098901099216e+00,0.000000000000000000e+00,0.000000000000000000e+00
8.130081300813007950e-01,1.626016260162601368e+00,-2.032520325203251765e+00,0.000000000000000000e+00,0.000000000000000000e+00,-4.065040650406503975e-01,-1.219512195121951192e+00,0.000000000000000000e+00,0.000000000000000000e+00,0.000000000000000000e+00,0.000000000000000000e+00,-4.065040650406506195e-01,3.252032520325187193e+00,0.000000000000000000e+00,0.000000000000000000e+00,0.000000000000000000e+00,0.000000000000000000e+00,0.000000000000000000e+00,0.000000000000000000e+00,0.000000000000000000e+00,0.000000000000000000e+00,4.065040650406503975e-01,-4.065040650406503975e-01,0.000000000000000000e+00,0.000000000000000000e+00,0.000000000000000000e+00,0.000000000000000000e+00,-1.219512195121951192e+00,0.000000000000000000e+00,0.000000000000000000e+00,-4.065040650406503975e-01,0.000000000000000000e+00
0.000000000000000000e+00,-2.220446049250313081e-16,0.000000000000000000e+00,0.000000000000000000e+00,3.472222222222221544e-01,0.000000000000000000e+00,-2.083333333333335702e+00,0.000000000000000000e+00,0.000000000000000000e+00,0.000000000000000000e+00,3.472222222222218768e-01,0.000000000000000000e+00,3.472222222222220989e-01,2.430555555555564240e+00,0.000000000000000000e+00,0.000000000000000000e+00,0.000000000000000000e+00,0.000000000000000000e+00,-1.041666666666666963e+00,0.000000000000000000e+00,0.000000000000000000e+00,0.000000000000000000e+00,0.000000000000000000e+00,0.000000000000000000e+00,0.000000000000000000e+00,-3.472222222222221544e-01,0.000000000000000000e+00,3.472222222222221544e-01,0.000000000000000000e+00,-3.472222222222218768e-01,0.000000000000000000e+00,0.000000000000000000e+00
-3.436426116838487421e-01,0.000000000000000000e+00,0.000000000000000000e+00,3.436426116838475764e-01,-1.374570446735395191e+00,0.000000000000000000e+00,0.000000000000000000e+00,0.000000000000000000e+00,0.000000000000000000e+00,3.436426116838486866e-01,0.000000000000000000e+00,0.000000000000000000e+00,0.000000000000000000e+00,0.000000000000000000e+00,-1.030927835051542729e+00,0.000000000000000000e+00,0.000000000000000000e+00,0.000000000000000000e+00,0.000000000000000000e+00,-3.436426116838486866e-01,0.000000000000000000e+00,0.000000000000000000e+00,1.374570446735397411e+00,0.000000000000000000e+00,3.436426116838489087e-01,6.872852233676975953e-01,4.440892098500626162e-16,0.000000000000000000e+00,3.436426116838489087e-01,-6.872852233676978173e-01,3.436426116838487421e-01,0.000000000000000000e+00
-6.535947712418299638e-01,6.535947712418300748e-01,0.000000000000000000e+00,0.000000000000000000e+00,-6.535947712418300748e-01,0.000000000000000000e+00,0.000000000000000000e+00,-6.535947712418299638e-01,0.000000000000000000e+00,6.535947712418299638e-01,0.000000000000000000e+00,0.000000000000000000e+00,1.307189542483660150e+00,0.000000000000000000e+00,-6.535947712418300748e-01,1.960784313725497441e+00,-6.535947712418300748e-01,0.000000000000000000e+00,1.307189542483659928e+00,-6.535947712418295197e-01,0.000000000000000000e+00,-6.535947712418300748e-01,-6.535947712418300748e-01,6.535947712418300748e-01,0.000000000000000000e+00,0.000000000000000000e+00,0.000000000000000000e+00,0.000000000000000000e+00,6.535947712418300748e-01,-6.535947712418300748e-01,0.000000000000000000e+00,-1.307189542483660816e+00
0.000000000000000000e+00,2.597402597402595603e+00,-3.030303030303027612e+00,0.000000000000000000e+00,0.000000000000000000e+00,0.000000000000000000e+00,-4.329004329004328966e-01,0.000000000000000000e+00,0.000000000000000000e+00,0.000000000000000000e+00,1.731601731601732030e+00,4.329004329004328966e-01,0.000000000000000000e+00,0.000000000000000000e+00,0.000000000000000000e+00,0.000000000000000000e+00,-4.329004329004249030e-01,-4.329004329004328966e-01,0.000000000000000000e+00,0.000000000000000000e+00,4.329004329004328966e-01,0.000000000000000000e+00,0.000000000000000000e+00,0.000000000000000000e+00,0.000000000000000000e+00,0.000000000000000000e+00,0.000000000000000000e+00,-8.658008658008657932e-01,0.000000000000000000e+00,-4.329004329004328966e-01,4.329004329004328966e-01,0.000000000000000000e+00
0.000000000000000000e+00,0.000000000000000000e+00,4.444444444444444753e-01,0.000000000000000000e+00,0.000000000000000000e+00,0.000000000000000000e+00,0.000000000000000000e+00,-8.888888888888888395e-01,0.000000000000000000e+00,8.888888888888892836e-01,4.444444444444444753e-01,0.000000000000000000e+00,0.000000000000000000e+00,0.000000000000000000e+00,-4.444444444444444753e-01,-4.444444444444444753e-01,0.000000000000000000e+00,7.105427357601001859e-15,4.444444444444444753e-01,0.000000000000000000e+00,0.000000000000000000e+00,0.000000000000000000e+00,4.444444444444446418e-01,4.444444444444444753e-01,0.000000000000000000e+00,0.000000000000000000e+00,0.000000000000000000e+00,-4.444444444444443088e-01,-4.444444444444443088e-01,-8.888888888888892836e-01,0.000000000000000000e+00,4.444444444444446418e-01
0.000000000000000000e+00,-9.389671361502348601e-01,-4.694835680751174301e-01,0.000000000000000000e+00,0.000000000000000000e+00,0.000000000000000000e+00,0.000000000000000000e+00,0.000000000000000000e+00,9.389671361502348601e-01,9.389671361502345270e-01,0.000000000000000000e+00,-4.694835680751179297e-01,0.000000000000000000e+00,-4.694835680751174856e-01,0.000000000000000000e+00,9.389671361502347491e-01,0.000000000000000000e+00,0.000000000000000000e+00,1.408450704225359118e+00,-4.694835680751174301e-01,0.000000000000000000e+00,0.000000000000000000e+00,0.000000000000000000e+00,0.000000000000000000e+00,0.000000000000000000e+00,0.000000000000000000e+00,-9.389671361502347491e-01,-4.694835680751170415e-01,0.000000000000000000e+00,0.000000000000000000e+00,0.000000000000000000e+00,0.000000000000000000e+00
0.000000000000000000e+00,8.230452674897118515e-01,0.000000000000000000e+00,-8.230452674897126286e-01,4.115226337448559257e-01,0.000000000000000000e+00,0.000000000000000000e+00,8.230452674897117404e-01,4.115226337448554261e-01,4.115226337448563143e-01,0.000000000000000000e+00,0.000000000000000000e+00,0.000000000000000000e+00,0.000000000000000000e+00,-4.115226337448558702e-01,0.000000000000000000e+00,-8.230452674897118515e-01,-4.115226337448559257e-01,4.115226337448559812e-01,-8.230452674897179577e-01,8.230452674897118515e-01,0.000000000000000000e+00,0.000000000000000000e+00,0.000000000000000000e+00,0.000000000000000000e+00,4.115226337448559812e-01,0.000000000000000000e+00,-4.115226337448559257e-01,0.000000000000000000e+00,4.115226337448556482e-01,0.000000000000000000e+00,-1.234567901234567611e+00
0.000000000000000000e+00,0.000000000000000000e+00,0.000000000000000000e+00,3.236245954692556492e-01,3.236245954692555937e-01,0.000000000000000000e+00,3.236245954692556492e-01,0.000000000000000000e+00,3.236245954692555937e-01,0.000000000000000000e+00,0.000000000000000000e+00,-3.236245954692556492e-01,-3.236245954692555937e-01,0.000000000000000000e+00,3.236245954692556492e-01,0.000000000000000000e+00,0.000000000000000000e+00,-6.472491909385116315e-01,-3.236245954692556492e-01,-9.708737864077670032e-01,3.236245954692549276e+00,-9.708737864077665591e-01,6.472491909385111875e-01,0.000000000000000000e+00,3.236245954692555937e-01,0.000000000000000000e+00,-1.294498381877021487e+00,0.000000000000000000e+00,-3.236245954692556492e-01,0.000000000000000000e+00,0.000000000000000000e+00,-6.472491909385112985e-01
0.000000000000000000e+00,0.000000000000000000e+00,0.000000000000000000e+00,0.000000000000000000e+00,-3.703703703703704053e-01,0.000000000000000000e+00,-3.703703703703703498e-01,0.000000000000000000e+00,3.703703703703704053e-01,-7.407407407407408106e-01,-3.703703703703704053e-01,-1.111111111111111160e+00,-3.703703703703703498e-01,0.000000000000000000e+00,0.000000000000000000e+00,0.000000000000000000e+00,0.000000000000000000e+00,0.000000000000000000e+00,3.703703703703704053e-01,0.000000000000000000e+00,7.407407407407400335e-01,2.592592592592609435e+00,0.000000000000000000e+00,0.000000000000000000e+00,0.000000000000000000e+00,0.000000000000000000e+00,0.000000000000000000e+00,3.703703703703704053e-01,3.703703703703702388e-01,-7.407407407407409217e-01,0.000000000000000000e+00,-7.407407407407408106e-01
0.000000000000000000e+00,0.000000000000000000e+00,0.000000000000000000e+00,-7.843137254901961786e-01,-3.921568627450980338e-01,-3.921568627450980338e-01,-7.843137254901961786e-01,-3.921568627450979783e-01,-7.843137254901960675e-01,1.568627450980392801e+00,3.921568627450980338e-01,-3.921568627450980338e-01,-3.921568627450980338e-01,3.921568627450980338e-01,3.921568627451001987e-01,-3.921568627450980338e-01,0.000000000000000000e+00,-1.176470588235293935e+00,0.000000000000000000e+00,7.843137254901961786e-01,7.843137254901961786e-01,0.000000000000000000e+00,1.568627450980400795e+00,0.000000000000000000e+00,-3.921568627450982003e-01,0.000000000000000000e+00,3.921568627450979783e-01,0.000000000000000000e+00,7.843137254901955124e-01,0.000000000000000000e+00,-3.921568627450980338e-01,-3.921568627450980338e-01
-7.017543859649126858e-01,0.000000000000000000e+00,-3.508771929824561209e-01,0.000000000000000000e+00,0.000000000000000000e+00,0.000000000000000000e+00,3.508771929824561209e-01,0.000000000000000000e+00,0.000000000000000000e+00,7.017543859649122417e-01,-1.052631578947368363e+00,-7.017543859649122417e-01,-3.508771929824561209e-01,0.000000000000000000e+00,0.000000000000000000e+00,-3.508771929824561209e-01,0.000000000000000000e+00,7.017543859649122417e-01,0.000000000000000000e+00,0.000000000000000000e+00,0.000000000000000000e+00,0.000000000000000000e+00,0.000000000000000000e+00,1.754385964912287932e+00,0.000000000000000000e+00,0.000000000000000000e+00,0.000000000000000000e+00,7.017543859649117977e-01,-7.017543859649122417e-01,7.017543859649122417e-01,-3.508771929824561209e-01,-3.508771929824561209e-01
0.000000000000000000e+00,0.000000000000000000e+00,0.000000000000000000e+00,0.000000000000000000e+00,-8.032128514056225965e-01,0.000000000000000000e+00,0.000000000000000000e+00,8.032128514056224855e-01,0.000000000000000000e+00,4.016064257028111317e-01,0.000000000000000000e+00,0.000000000000000000e+00,0.000000000000000000e+00,-4.016064257028112983e-01,4.016064257028112428e-01,0.000000000000000000e+00,0.000000000000000000e+00,0.000000000000000000e+00,0.000000000000000000e+00,-4.016064257028112983e-01,0.000000000000000000e+00,-4.016064257028112983e-01,-4.016064257028112983e-01,0.000000000000000000e+00,1.204819277108427400e+00,0.000000000000000000e+00,0.000000000000000000e+00,0.000000000000000000e+00,4.016064257028091333e-01,0.000000000000000000e+00,-4.016064257028112983e-01,-4.016064257028112983e-01
3.436426116838487421e-01,0.000000000000000000e+00,-3.436426116838486866e-01,-3.436426116838489087e-01,1.718213058419244099e+00,0.000000000000000000e+00,-3.436426116838487421e-01,0.000000000000000000e+00,3.436426116838484646e-01,3.436426116838489087e-01,0.000000000000000000e+00,0.000000000000000000e+00,-3.436426116838487421e-01,0.000000000000000000e+00,0.000000000000000000e+00,0.000000000000000000e+00,-3.436426116838487976e-01,3.436426116838487976e-01,0.000000000000000000e+00,-3.436426116838486866e-01,3.436426116838486866e-01,0.000000000000000000e+00,3.436426116838486866e-01,3.436426116838487421e-01,0.000000000000000000e+00,-1.374570446735390306e+00,0.000000000000000000e+00,0.000000000000000000e+00,-3.436426116838487421e-01,-3.436426116838487421e-01,0.000000000000000000e+00,0.000000000000000000e+00
0.000000000000000000e+00,0.000000000000000000e+00,0.000000000000000000e+00,0.000000000000000000e+00,0.000000000000000000e+00,-3.921568627450980338e-01,0.000000000000000000e+00,0.000000000000000000e+00,3.921568627450975342e-01,0.000000000000000000e+00,0.000000000000000000e+00,0.000000000000000000e+00,0.000000000000000000e+00,0.000000000000000000e+00,-1.960784313725490335e+00,3.921568627450980893e-01,0.000000000000000000e+00,0.000000000000000000e+00,3.921568627450980338e-01,-3.921568627450980893e-01,1.568627450980393689e+00,0.000000000000000000e+00,7.843137254901968447e-01,0.000000000000000000e+00,0.000000000000000000e+00,0.000000000000000000e+00,-7.843137254902003974e-01,0.000000000000000000e+00,3.921568627450979783e-01,0.000000000000000000e+00,0.000000000000000000e+00,-3.921568627450980338e-01
-9.803921568627453897e-01,-6.535947712418304079e-01,3.267973856209150374e-01,0.000000000000000000e+00,6.535947712418299638e-01,-6.535947712418299638e-01,0.000000000000000000e+00,3.267973856209150929e-01,0.000000000000000000e+00,3.267973856209150929e-01,-3.267973856209138717e-01,-9.803921568627451677e-01,0.000000000000000000e+00,0.000000000000000000e+00,0.000000000000000000e+00,-3.267973856209150374e-01,-3.267973856209150374e-01,0.000000000000000000e+00,0.000000000000000000e+00,0.000000000000000000e+00,0.000000000000000000e+00,-3.267973856209150374e-01,0.000000000000000000e+00,-6.535947712418295197e-01,-3.267973856209150929e-01,3.267973856209149819e-01,0.000000000000000000e+00,3.594771241830066799e+00,0.000000000000000000e+00,0.000000000000000000e+00,0.000000000000000000e+00,0.000000000000000000e+00
0.000000000000000000e+00,0.000000000000000000e+00,0.000000000000000000e+00,0.000000000000000000e+00,-4.065040650406503975e-01,0.000000000000000000e+00,-8.130081300813007950e-01,0.000000000000000000e+00,0.000000000000000000e+00,0.000000000000000000e+00,-8.130081300813007950e-01,0.000000000000000000e+00,0.000000000000000000e+00,0.000000000000000000e+00,0.000000000000000000e+00,0.000000000000000000e+00,0.000000000000000000e+00,0.000000000000000000e+00,0.000000000000000000e+00,-4.065040650406503975e-01,0.000000000000000000e+00,-4.065040650406503975e-01,0.000000000000000000e+00,0.000000000000000000e+00,-1.219512195121950526e+00,8.130081300813010170e-01,0.000000000000000000e+00,2.032520325203252654e+00,1.626016260162600702e+00,0.000000000000000000e+00,-4.065040650406503975e-01,0.000000000000000000e+00
4.504504504504507345e-01,0.000000000000000000e+00,2.252252252252253673e-01,-2.252252252252252285e-01,0.000000000000000000e+00,2.252252252252252285e-01,-2.252252252252253117e-01,0.000000000000000000e+00,-2.252252252252255893e-01,0.000000000000000000e+00,4.504504504504504014e-01,-2.252252252252252562e-01,0.000000000000000000e+00,2.252252252252252285e-01,0.000000000000000000e+00,2.252252252252252285e-01,0.000000000000000000e+00,2.252252252252251452e-01,0.000000000000000000e+00,-2.252252252252251452e-01,6.756756756756754356e-01,0.000000000000000000e+00,-4.504504504504502904e-01,0.000000000000000000e+00,0.000000000000000000e+00,0.000000000000000000e+00,4.504504504504505125e-01,-2.252252252252252285e-01,4.504504504504505125e-01,-1.126126126126138161e+00,-6.756756756756758797e-01,0.000000000000000000e+00
2.845528455284554781e+00,0.000000000000000000e+00,4.065040650406501754e-01,-8.130081300813010170e-01,-1.219512195121951192e+00,-8.130081300813007950e-01,-4.065040650406503975e-01,0.000000000000000000e+00,0.000000000000000000e+00,0.000000000000000000e+00,4.065040650406501754e-01,0.000000000000000000e+00,-4.065040650406503975e-01,-4.065040650406503975e-01,8.130081300813010170e-01,0.000000000000000000e+00,0.000000000000000000e+00,0.000000000000000000e+00,0.000000000000000000e+00,4.065040650406503975e-01,4.065040650406503975e-01,0.000000000000000000e+00,0.000000000000000000e+00,-4.065040650406503975e-01,4.065040650406503975e-01,0.000000000000000000e+00,0.000000000000000000e+00,0.000000000000000000e+00,-4.065040650406503975e-01,4.065040650406501754e-01,-2.032520325203250877e+00,8.130081300813007950e-01
0.000000000000000000e+00,0.000000000000000000e+00,0.000000000000000000e+00,0.000000000000000000e+00,0.000000000000000000e+00,-1.388888888888888618e+00,-4.629629629629629650e-01,9.259259259259255970e-01,0.000000000000000000e+00,0.000000000000000000e+00,0.000000000000000000e+00,0.000000000000000000e+00,0.000000000000000000e+00,0.000000000000000000e+00,0.000000000000000000e+00,-9.259259259259264851e-01,0.000000000000000000e+00,9.259259259259264851e-01,-9.259259259259259300e-01,4.629629629629626875e-01,-4.629629629629629650e-01,0.000000000000000000e+00,0.000000000000000000e+00,4.629629629629626875e-01,0.000000000000000000e+00,0.000000000000000000e+00,0.000000000000000000e+00,-4.629629629629629650e-01,-1.388888888888888395e+00,4.629629629629632426e-01,9.259259259259255970e-01,1.851851851851847641e+00
