-2.592592592592595224e+00,0.000000000000000000e+00,0.000000000000000000e+00,3.703703703703704608e-01,3.703703703703720151e-01,3.703703703703697947e-01,0.000000000000000000e+00,3.703703703703703498e-01,3.703703703703704053e-01,0.000000000000000000e+00,0.000000000000000000e+00,0.000000000000000000e+00,0.000000000000000000e+00,0.000000000000000000e+00,-3.703703703703702388e-01,0.000000000000000000e+00,0.000000000000000000e+00,0.000000000000000000e+00,0.000000000000000000e+00,-7.407407407407406996e-01,0.000000000000000000e+00,0.000000000000000000e+00,3.703703703703704053e-01,0.000000000000000000e+00,0.000000000000000000e+00,3.703703703703704053e-01,0.000000000000000000e+00,0.000000000000000000e+00,0.000000000000000000e+00,0.000000000000000000e+00,1.851851851851851194e+00,-7.407407407407406996e-01
0.000000000000000000e+00,-1.587301587301588768e+00,7.936507936507979366e-01,-1.190476190476190466e+00,0.000000000000000000e+00,0.000000000000000000e+00,0.000000000000000000e+00,0.000000000000000000e+00,0.000000000000000000e+00,0.000000000000000000e+00,7.936507936507937178e-01,3.968253968253967479e-01,0.000000000000000000e+00,3.968253968253969699e-01,3.968253968253968034e-01,0.000000000000000000e+00,0.000000000000000000e+00,0.000000000000000000e+00,-3.968253968253968034e-01,7.936507936507936067e-01,-3.968253968253968034e-01,0.000000000000000000e+00,0.000000000000000000e+00,0.000000000000000000e+00,0.000000000000000000e+00,0.000000000000000000e+00,0.000000000000000000e+00,0.000000000000000000e+00,0.000000000000000000e+00,0.000000000000000000e+00,-3.968253968253968589e-01,3.968253968253968034e-01
-2.824858757062146397e-01,-8.474576271186453624e-01,1.694915254237287172e+00,0.000000000000000000e+00,2.824858757062145287e-01,-2.824858757062146952e-01,2.824858757062146952e-01,0.000000000000000000e+00,0.000000000000000000e+00,-2.824858757062146952e-01,-2.824858757062146952e-01,1.129943502824859003e+00,5.649717514124299456e-01,-2.824858757062145287e-01,0.000000000000000000e+00,-2.824858757062147507e-01,-8.474576271186444743e-01,-2.824858757062146952e-01,0.000000000000000000e+00,-2.824858757062146397e-01,8.474576271186441412e-01,2.824858757062145287e-01,0.000000000000000000e+00,0.000000000000000000e+00,0.000000000000000000e+00,0.000000000000000000e+00,2.824858757062146952e-01,2.824858757062147507e-01,-2.824858757062146952e-01,-1.412429378531073532e+00,0.000000000000000000e+00,0.000000000000000000e+00
-4.444444444444444753e-01,0.000000000000000000e+00,4.444444444444446418e-01,4.444444444444428655e-01,-8.888888888888892836e-01,0.000000000000000000e+00,0.000000000000000000e+00,0.000000000000000000e+00,4.444444444444446418e-01,0.000000000000000000e+00,0.000000000000000000e+00,-4.444444444444446418e-01,0.000000000000000000e+00,0.000000000000000000e+00,-8.888888888888875073e-01,0.000000000000000000e+00,0.000000000000000000e+00,0.000000000000000000e+00,0.000000000000000000e+00,-1.776356839400250465e-15,-4.444444444444444753e-01,4.444444444444444753e-01,0.000000000000000000e+00,0.000000000000000000e+00,0.000000000000000000e+00,0.000000000000000000e+00,4.444444444444444753e-01,0.000000000000000000e+00,0.000000000000000000e+00,4.444444444444437536e-01,4.444444444444444753e-01,0.000000000000000000e+00
-1.219512195121950526e+00,0.000000000000000000e+00,4.065040650406503975e-01,0.000000000000000000e+00,2.439024390243901053e+00,-2.439024390243902829e+00,4.065040650406503975e-01,4.065040650406503975e-01,0.000000000000000000e+00,0.000000000000000000e+00,4.065040650406503975e-01,0.000000000000000000e+00,0.000000000000000000e+00,0.000000000000000000e+00,0.000000000000000000e+00,0.000000000000000000e+00,-4.065040650406503975e-01,0.000000000000000000e+00,-4.065040650406503975e-01,0.000000000000000000e+00,4.065040650406503975e-01,-4.065040650406503975e-01,0.000000000000000000e+00,4.065040650406503975e-01,0.000000000000000000e+00,0.000000000000000000e+00,0.000000000000000000e+00,0.000000000000000000e+00,0.000000000000000000e+00,0.000000000000000000e+00,0.000000000000000000e+00,0.000000000000000000e+00
-2.666666666666667851e+00,0.000000000000000000e+00,-4.444444444444444753e-01,4.444444444444444753e-01,8.888888888888857309e-01,-8.888888888888857309e-01,4.444444444444444753e-01,0.000000000000000000e+00,0.000000000000000000e+00,4.444444444444443088e-01,0.000000000000000000e+00,0.000000000000000000e+00,0.000000000000000000e+00,4.444444444444446418e-01,4.444444444444446418e-01,0.000000000000000000e+00,0.000000000000000000e+00,0.000000000000000000e+00,-8.888888888888889506e-01,0.000000000000000000e+00,4.444444444444444753e-01,0.000000000000000000e+00,0.000000000000000000e+00,0.000000000000000000e+00,0.000000000000000000e+00,0.000000000000000000e+00,0.000000000000000000e+00,4.444444444444444753e-01,0.000000000000000000e+00,8.888888888888892836e-01,1.333333333333333259e+00,-1.333333333333333037e+00
0.000000000000000000e+00,4.761904761904767192e-01,0.000000000000000000e+00,0.000000000000000000e+00,0.000000000000000000e+00,0.000000000000000000e+00,-3.809523809523810201e+00,0.000000000000000000e+00,0.000000000000000000e+00,0.000000000000000000e+00,0.000000000000000000e+00,4.761904761904762751e-01,4.761904761904753869e-01,9.523809523809489974e-01,0.000000000000000000e+00,0.000000000000000000e+00,0.000000000000000000e+00,0.000000000000000000e+00,1.428571428571423496e+00,0.000000000000000000e+00,0.000000000000000000e+00,0.000000000000000000e+00,0.000000000000000000e+00,0.000000000000000000e+00,0.000000000000000000e+00,0.000000000000000000e+00,0.000000000000000000e+00,0.000000000000000000e+00,0.000000000000000000e+00,0.000000000000000000e+00,0.000000000000000000e+00,0.000000000000000000e+00
-4.385964912280702066e-01,0.000000000000000000e+00,0.000000000000000000e+00,0.000000000000000000e+00,-4.385964912280700956e-01,4.385964912280701511e-01,-4.385964912280701511e-01,1.315789473684205291e+00,4.385964912280701511e-01,0.000000000000000000e+00,0.000000000000000000e+00,0.000000000000000000e+00,4.385964912280701511e-01,0.000000000000000000e+00,-4.385964912280701511e-01,-1.754385964912280382e+00,0.000000000000000000e+00,0.000000000000000000e+00,0.000000000000000000e+00,0.000000000000000000e+00,0.000000000000000000e+00,0.000000000000000000e+00,8.771929824561401912e-01,0.000000000000000000e+00,0.000000000000000000e+00,0.000000000000000000e+00,0.000000000000000000e+00,8.771929824561404132e-01,-1.315789473684210398e+00,4.385964912280700956e-01,4.385964912280700956e-01,-4.385964912280700956e-01
0.000000000000000000e+00,0.000000000000000000e+00,0.000000000000000000e+00,0.000000000000000000e+00,-3.546099290780135860e-01,3.546099290780141966e-01,0.000000000000000000e+00,0.000000000000000000e+00,3.546099290780233559e-01,-3.546099290780141966e-01,0.000000000000000000e+00,0.000000000000000000e+00,0.000000000000000000e+00,3.546099290780141966e-01,-3.546099290780141411e-01,-7.092198581560283932e-01,0.000000000000000000e+00,0.000000000000000000e+00,0.000000000000000000e+00,3.546099290780135860e-01,0.000000000000000000e+00,0.000000000000000000e+00,-3.546099290780141411e-01,0.000000000000000000e+00,0.000000000000000000e+00,-3.546099290780144742e-01,1.418439716312056120e+00,0.000000000000000000e+00,0.000000000000000000e+00,0.000000000000000000e+00,0.000000000000000000e+00,-3.546099290780142521e-01
0.000000000000000000e+00,0.000000000000000000e+00,0.000000000000000000e+00,0.000000000000000000e+00,0.000000000000000000e+00,0.000000000000000000e+00,0.000000000000000000e+00,3.921568627450980338e-01,0.000000000000000000e+00,3.921568627451108568e-01,0.000000000000000000e+00,0.000000000000000000e+00,0.000000000000000000e+00,0.000000000000000000e+00,-1.176470588235294157e+00,0.000000000000000000e+00,0.000000000000000000e+00,7.843137254901959565e-01,0.000000000000000000e+00,0.000000000000000000e+00,0.000000000000000000e+00,0.000000000000000000e+00,3.921568627451001987e-01,0.000000000000000000e+00,-3.921568627450980338e-01,3.921568627450979783e-01,-3.921568627450979783e-01,0.000000000000000000e+00,-3.921568627450982003e-01,0.000000000000000000e+00,0.000000000000000000e+00,0.000000000000000000e+00
-8.771929824561403022e-01,4.385964912280699846e-01,-4.385964912280701511e-01,0.000000000000000000e+00,0.000000000000000000e+00,0.000000000000000000e+00,0.000000000000000000e+00,0.000000000000000000e+00,0.000000000000000000e+00,0.000000000000000000e+00,0.000000000000000000e+00,1.315789473684210620e+00,-8.771929824561404132e-01,0.000000000000000000e+00,0.000000000000000000e+00,-4.385964912280701511e-01,-4.385964912280701511e-01,0.000000000000000000e+00,0.000000000000000000e+00,0.000000000000000000e+00,0.000000000000000000e+00,0.000000000000000000e+00,0.000000000000000000e+00,0.000000000000000000e+00,0.000000000000000000e+00,0.000000000000000000e+00,-4.385964912280701511e-01,4.385964912280755357e-01,0.000000000000000000e+00,1.315789473684210620e+00,0.000000000000000000e+00,0.000000000000000000e+00
-3.663003663003663313e-01,-1.465201465201465325e+00,0.000000000000000000e+00,-3.663003663003663313e-01,7.326007326007322185e-01,-7.326007326007326625e-01,-1.831501831501831656e+00,3.663003663003663313e-01,7.326007326007326625e-01,0.000000000000000000e+00,7.326007326007326625e-01,3.663003663003657095e+00,7.326007326007326625e-01,0.000000000000000000e+00,0.000000000000000000e+00,-3.663003663003663313e-01,-3.663003663003663313e-01,0.000000000000000000e+00,0.000000000000000000e+00,0.000000000000000000e+00,0.000000000000000000e+00,-7.326007326007326625e-01,0.000000000000000000e+00,0.000000000000000000e+00,0.000000000000000000e+00,0.000000000000000000e+00,3.663003663003661092e-01,-7.326007326007326625e-01,-3.663003663003661092e-01,-3.663003663003661092e-01,0.000000000000000000e+00,3.663003663003663313e-01
-4.065040650406501754e-01,4.065040650406506195e-01,-4.065040650406506195e-01,0.000000000000000000e+00,0.000000000000000000e+00,0.000000000000000000e+00,0.000000000000000000e+00,4.065040650406503975e-01,0.000000000000000000e+00,4.065040650406503975e-01,0.000000000000000000e+00,4.065040650406506195e-01,-8.130081300813003509e-01,0.000000000000000000e+00,0.000000000000000000e+00,0.000000000000000000e+00,-4.065040650406503975e-01,0.000000000000000000e+00,0.000000000000000000e+00,0.000000000000000000e+00,4.065040650406503975e-01,0.000000000000000000e+00,0.000000000000000000e+00,0.000000000000000000e+00,0.000000000000000000e+00,0.000000000000000000e+00,0.000000000000000000e+00,0.000000000000000000e+00,0.000000000000000000e+00,4.065040650406503975e-01,0.000000000000000000e+00,-4.065040650406503975e-01
0.000000000000000000e+00,3.472222222222220989e-01,-3.472222222222214327e-01,0.000000000000000000e+00,-3.472222222222221544e-01,0.000000000000000000e+00,-3.472222222222223209e+00,0.000000000000000000e+00,0.000000000000000000e+00,0.000000000000000000e+00,3.472222222222223209e-01,0.000000000000000000e+00,0.000000000000000000e+00,3.472222222222214327e+00,0.000000000000000000e+00,-3.472222222222221544e-01,-3.472222222222221544e-01,3.472222222222221544e-01,6.944444444444441977e-01,0.000000000000000000e+00,0.000000000000000000e+00,0.000000000000000000e+00,0.000000000000000000e+00,0.000000000000000000e+00,0.000000000000000000e+00,0.000000000000000000e+00,0.000000000000000000e+00,-3.472222222222221544e-01,0.000000000000000000e+00,3.472222222222227650e-01,-3.472222222222220989e-01,0.000000000000000000e+00
0.000000000000000000e+00,0.000000000000000000e+00,3.436426116838487421e-01,-1.374570446735393858e+00,-6.872852233676975953e-01,0.000000000000000000e+00,0.000000000000000000e+00,0.000000000000000000e+00,3.436426116838487421e-01,6.872852233676973732e-01,0.000000000000000000e+00,0.000000000000000000e+00,0.000000000000000000e+00,0.000000000000000000e+00,1.374570446735390306e+00,0.000000000000000000e+00,0.000000000000000000e+00,0.000000000000000000e+00,0.000000000000000000e+00,3.436426116838486866e-01,0.000000000000000000e+00,3.436426116838487421e-01,-1.374570446735400964e+00,0.000000000000000000e+00,-3.436426116838489087e-01,-3.436426116838489087e-01,3.436426116838484646e-01,0.000000000000000000e+00,0.000000000000000000e+00,3.436426116838484646e-01,0.000000000000000000e+00,0.000000000000000000e+00
-1.307189542483660150e+00,0.000000000000000000e+00,0.000000000000000000e+00,0.000000000000000000e+00,0.000000000000000000e+00,0.000000000000000000e+00,-6.535947712418295197e-01,-6.535947712418304079e-01,0.000000000000000000e+00,0.000000000000000000e+00,1.307189542483659928e+00,0.000000000000000000e+00,-6.535947712418301858e-01,0.000000000000000000e+00,0.000000000000000000e+00,-1.960784313725497441e+00,0.000000000000000000e+00,1.307189542483659928e+00,0.000000000000000000e+00,6.535947712418295197e-01,6.535947712418300748e-01,6.535947712418300748e-01,0.000000000000000000e+00,6.535947712418300748e-01,0.000000000000000000e+00,0.000000000000000000e+00,0.000000000000000000e+00,0.000000000000000000e+00,-6.535947712418300748e-01,0.000000000000000000e+00,0.000000000000000000e+00,6.535947712418312960e-01
-4.329004329004328966e-01,-3.463203463203463173e+00,-8.658008658008675695e-01,0.000000000000000000e+00,0.000000000000000000e+00,0.000000000000000000e+00,0.000000000000000000e+00,0.000000000000000000e+00,0.000000000000000000e+00,0.000000000000000000e+00,8.658008658008657932e-01,4.329004329004328966e-01,8.658008658008649050e-01,4.329004329004328966e-01,0.000000000000000000e+00,0.000000000000000000e+00,3.463203463203456067e+00,4.329004329004328966e-01,0.000000000000000000e+00,0.000000000000000000e+00,-4.329004329004328966e-01,-4.329004329004328966e-01,0.000000000000000000e+00,0.000000000000000000e+00,0.000000000000000000e+00,0.000000000000000000e+00,0.000000000000000000e+00,0.000000000000000000e+00,0.000000000000000000e+00,-4.329004329004328966e-01,-4.329004329004328966e-01,0.000000000000000000e+00
0.000000000000000000e+00,0.000000000000000000e+00,0.000000000000000000e+00,0.000000000000000000e+00,8.888888888888890616e-01,-4.444444444444444753e-01,4.444444444444444753e-01,0.000000000000000000e+00,0.000000000000000000e+00,0.000000000000000000e+00,0.000000000000000000e+00,0.000000000000000000e+00,0.000000000000000000e+00,0.000000000000000000e+00,-4.444444444444444753e-01,0.000000000000000000e+00,0.000000000000000000e+00,-8.888888888888928363e-01,-4.444444444444444753e-01,-4.444444444444444753e-01,0.000000000000000000e+00,0.000000000000000000e+00,-8.888888888888892836e-01,0.000000000000000000e+00,-4.444444444444444753e-01,0.000000000000000000e+00,4.444444444444441977e-01,0.000000000000000000e+00,0.000000000000000000e+00,2.666666666666666963e+00,0.000000000000000000e+00,-4.444444444444446418e-01
0.000000000000000000e+00,0.000000000000000000e+00,0.000000000000000000e+00,0.000000000000000000e+00,0.000000000000000000e+00,4.694835680751174301e-01,-4.225352112676056038e+00,0.000000000000000000e+00,-4.694835680751174856e-01,0.000000000000000000e+00,-4.694835680751174301e-01,-4.694835680751168194e-01,0.000000000000000000e+00,-4.694835680751173745e-01,0.000000000000000000e+00,4.694835680751174856e-01,0.000000000000000000e+00,0.000000000000000000e+00,4.225352112676048932e+00,0.000000000000000000e+00,0.000000000000000000e+00,0.000000000000000000e+00,0.000000000000000000e+00,0.000000000000000000e+00,0.000000000000000000e+00,0.000000000000000000e+00,9.389671361502347491e-01,0.000000000000000000e+00,0.000000000000000000e+00,4.440892098500626162e-16,0.000000000000000000e+00,0.000000000000000000e+00
-4.115226337448559257e-01,4.115226337448559812e-01,4.115226337448559257e-01,-2.057613168724278019e+00,4.115226337448559812e-01,-1.234567901234567611e+00,0.000000000000000000e+00,0.000000000000000000e+00,2.469135802469137886e+00,4.115226337448558702e-01,0.000000000000000000e+00,1.234567901234567833e+00,0.000000000000000000e+00,0.000000000000000000e+00,4.115226337448558702e-01,-4.115226337448559257e-01,-8.230452674897118515e-01,0.000000000000000000e+00,-4.115226337448559812e-01,1.234567901234569831e+00,0.000000000000000000e+00,0.000000000000000000e+00,-4.115226337448559257e-01,0.000000000000000000e+00,-4.115226337448559257e-01,-4.115226337448559812e-01,-4.115226337448559812e-01,-4.115226337448559257e-01,0.000000000000000000e+00,0.000000000000000000e+00,0.000000000000000000e+00,4.115226337448559812e-01
-3.236245954692556492e-01,-3.236245954692556492e-01,3.236245954692556492e-01,-3.236245954692556492e-01,-3.236245954692555937e-01,3.236245954692556492e-01,0.000000000000000000e+00,3.236245954692556492e-01,-3.236245954692555937e-01,0.000000000000000000e+00,0.000000000000000000e+00,0.000000000000000000e+00,0.000000000000000000e+00,0.000000000000000000e+00,-3.236245954692556492e-01,3.236245954692556492e-01,0.000000000000000000e+00,6.472491909385116315e-01,0.000000000000000000e+00,0.000000000000000000e+00,1.941747572815543776e+00,6.472491909385111875e-01,3.236245954692557047e-01,0.000000000000000000e+00,-3.236245954692555937e-01,0.000000000000000000e+00,0.000000000000000000e+00,0.000000000000000000e+00,0.000000000000000000e+00,-1.941747572815533118e+00,0.000000000000000000e+00,-6.472491909385112985e-01
0.000000000000000000e+00,3.703703703703704053e-01,0.000000000000000000e+00,0.000000000000000000e+00,0.000000000000000000e+00,3.703703703703704053e-01,-3.703703703703704053e-01,0.000000000000000000e+00,3.703703703703704053e-01,0.000000000000000000e+00,0.000000000000000000e+00,7.407407407407404776e-01,-3.703703703703704053e-01,0.000000000000000000e+00,0.000000000000000000e+00,0.000000000000000000e+00,0.000000000000000000e+00,0.000000000000000000e+00,3.703703703703703498e-01,-3.703703703703704053e-01,0.000000000000000000e+00,-7.407407407407333721e-01,0.000000000000000000e+00,3.703703703703704608e-01,0.000000000000000000e+00,0.000000000000000000e+00,3.703703703703704053e-01,-3.703703703703704053e-01,0.000000000000000000e+00,-1.111111111111110716e+00,0.000000000000000000e+00,3.703703703703704053e-01
0.000000000000000000e+00,0.000000000000000000e+00,0.000000000000000000e+00,-3.921568627450980338e-01,0.000000000000000000e+00,3.921568627450980338e-01,-3.921568627450980338e-01,3.921568627450979783e-01,0.000000000000000000e+00,3.921568627450975342e-01,-7.843137254901960675e-01,3.921568627450980338e-01,0.000000000000000000e+00,1.176470588235294157e+00,0.000000000000000000e+00,0.000000000000000000e+00,0.000000000000000000e+00,-3.921568627450984224e-01,0.000000000000000000e+00,-3.921568627450979783e-01,0.000000000000000000e+00,0.000000000000000000e+00,-3.921568627451037514e-01,0.000000000000000000e+00,-3.921568627450979783e-01,0.000000000000000000e+00,0.000000000000000000e+00,0.000000000000000000e+00,-3.921568627450975342e-01,7.843137254901977329e-01,0.000000000000000000e+00,0.000000000000000000e+00
-7.017543859649122417e-01,0.000000000000000000e+00,3.508771929824561209e-01,0.000000000000000000e+00,-3.508771929824561209e-01,0.000000000000000000e+00,0.000000000000000000e+00,0.000000000000000000e+00,0.000000000000000000e+00,0.000000000000000000e+00,0.000000000000000000e+00,0.000000000000000000e+00,0.000000000000000000e+00,0.000000000000000000e+00,0.000000000000000000e+00,0.000000000000000000e+00,0.000000000000000000e+00,0.000000000000000000e+00,0.000000000000000000e+00,0.000000000000000000e+00,0.000000000000000000e+00,0.000000000000000000e+00,0.000000000000000000e+00,2.456140350877177525e+00,0.000000000000000000e+00,0.000000000000000000e+00,0.000000000000000000e+00,-1.052631578947367252e+00,-3.508771929824561209e-01,-3.508771929824563429e-01,0.000000000000000000e+00,0.000000000000000000e+00
0.000000000000000000e+00,0.000000000000000000e+00,0.000000000000000000e+00,0.000000000000000000e+00,0.000000000000000000e+00,0.000000000000000000e+00,0.000000000000000000e+00,-8.032128514056224855e-01,0.000000000000000000e+00,0.000000000000000000e+00,0.000000000000000000e+00,0.000000000000000000e+00,0.000000000000000000e+00,0.000000000000000000e+00,-4.016064257028112428e-01,0.000000000000000000e+00,0.000000000000000000e+00,0.000000000000000000e+00,0.000000000000000000e+00,0.000000000000000000e+00,0.000000000000000000e+00,0.000000000000000000e+00,4.016064257028112983e-01,0.000000000000000000e+00,4.016064257028091333e-01,0.000000000000000000e+00,0.000000000000000000e+00,0.000000000000000000e+00,0.000000000000000000e+00,4.016064257028113538e-01,0.000000000000000000e+00,0.000000000000000000e+00
3.436426116838487976e-01,0.000000000000000000e+00,3.436426116838486866e-01,-3.436426116838484646e-01,-1.374570446735394746e+00,0.000000000000000000e+00,0.000000000000000000e+00,0.000000000000000000e+00,-3.436426116838484646e-01,-1.030927835051546504e+00,0.000000000000000000e+00,0.000000000000000000e+00,3.436426116838487421e-01,0.000000000000000000e+00,3.436426116838489087e-01,0.000000000000000000e+00,-3.436426116838487421e-01,0.000000000000000000e+00,0.000000000000000000e+00,0.000000000000000000e+00,-6.872852233676974842e-01,0.000000000000000000e+00,0.000000000000000000e+00,-3.436426116838487421e-01,0.000000000000000000e+00,2.749140893470780611e+00,0.000000000000000000e+00,0.000000000000000000e+00,0.000000000000000000e+00,3.436426116838487421e-01,0.000000000000000000e+00,0.000000000000000000e+00
0.000000000000000000e+00,0.000000000000000000e+00,0.000000000000000000e+00,0.000000000000000000e+00,-3.921568627450980338e-01,3.921568627450980338e-01,-7.843137254901961786e-01,7.843137254901961786e-01,-7.843137254901950683e-01,-1.176470588235293491e+00,0.000000000000000000e+00,0.000000000000000000e+00,0.000000000000000000e+00,0.000000000000000000e+00,0.000000000000000000e+00,3.921568627450979783e-01,0.000000000000000000e+00,0.000000000000000000e+00,0.000000000000000000e+00,0.000000000000000000e+00,-1.960784313725490335e+00,0.000000000000000000e+00,7.843137254901950683e-01,0.000000000000000000e+00,0.000000000000000000e+00,3.921568627450980338e-01,2.352941176470586981e+00,0.000000000000000000e+00,0.000000000000000000e+00,3.921568627450975342e-01,0.000000000000000000e+00,-3.921568627450980338e-01
3.267973856209152039e-01,6.535947712418295197e-01,0.000000000000000000e+00,0.000000000000000000e+00,-3.267973856209149819e-01,3.267973856209150374e-01,3.267973856209150374e-01,0.000000000000000000e+00,0.000000000000000000e+00,0.000000000000000000e+00,-9.803921568627487204e-01,-9.803921568627469441e-01,0.000000000000000000e+00,0.000000000000000000e+00,0.000000000000000000e+00,3.267973856209150374e-01,0.000000000000000000e+00,0.000000000000000000e+00,0.000000000000000000e+00,0.000000000000000000e+00,0.000000000000000000e+00,0.000000000000000000e+00,0.000000000000000000e+00,1.307189542483659039e+00,-3.267973856209149819e-01,0.000000000000000000e+00,-3.267973856209150374e-01,3.267973856209067662e-01,-3.267973856209156480e-01,0.000000000000000000e+00,-3.267973856209150374e-01,0.000000000000000000e+00
4.065040650406503975e-01,0.000000000000000000e+00,0.000000000000000000e+00,0.000000000000000000e+00,-4.065040650406503975e-01,0.000000000000000000e+00,0.000000000000000000e+00,0.000000000000000000e+00,0.000000000000000000e+00,0.000000000000000000e+00,-4.065040650406501754e-01,0.000000000000000000e+00,0.000000000000000000e+00,0.000000000000000000e+00,0.000000000000000000e+00,0.000000000000000000e+00,-4.065040650406503975e-01,0.000000000000000000e+00,0.000000000000000000e+00,0.000000000000000000e+00,0.000000000000000000e+00,8.130081300813007950e-01,0.000000000000000000e+00,4.065040650406503975e-01,3.252032520325201403e+00,0.000000000000000000e+00,4.065040650406503975e-01,4.065040650406501754e-01,-3.252032520325208509e+00,-1.219512195121951192e+00,0.000000000000000000e+00,0.000000000000000000e+00
-1.126126126126126170e+00,-2.252252252252252285e-01,0.000000000000000000e+00,-2.252252252252252285e-01,2.252252252252252285e-01,0.000000000000000000e+00,0.000000000000000000e+00,0.000000000000000000e+00,0.000000000000000000e+00,2.252252252252250342e-01,0.000000000000000000e+00,0.000000000000000000e+00,-2.252252252252251452e-01,2.252252252252253117e-01,-4.504504504504507345e-01,0.000000000000000000e+00,2.252252252252250342e-01,-6.756756756756758797e-01,0.000000000000000000e+00,0.000000000000000000e+00,-2.252252252252251452e-01,0.000000000000000000e+00,-6.756756756756758797e-01,0.000000000000000000e+00,-2.252252252252252285e-01,0.000000000000000000e+00,2.252252252252255893e-01,0.000000000000000000e+00,0.000000000000000000e+00,1.801801801801815373e+00,1.351351351351351315e+00,-2.252252252252251452e-01
-2.439024390243901053e+00,0.000000000000000000e+00,0.000000000000000000e+00,0.000000000000000000e+00,0.000000000000000000e+00,-2.032520325203251765e+00,0.000000000000000000e+00,0.000000000000000000e+00,0.000000000000000000e+00,0.000000000000000000e+00,-4.065040650406501754e-01,0.000000000000000000e+00,-4.065040650406503975e-01,-4.065040650406503975e-01,0.000000000000000000e+00,0.000000000000000000e+00,0.000000000000000000e+00,0.000000000000000000e+00,0.000000000000000000e+00,-4.065040650406503975e-01,8.130081300813007950e-01,4.065040650406503975e-01,0.000000000000000000e+00,0.000000000000000000e+00,0.000000000000000000e+00,0.000000000000000000e+00,0.000000000000000000e+00,0.000000000000000000e+00,0.000000000000000000e+00,4.440892098500626162e-16,5.284552845528452281e+00,-4.065040650406503975e-01
9.259259259259259300e-01,0.000000000000000000e+00,0.000000000000000000e+00,0.000000000000000000e+00,0.000000000000000000e+00,0.000000000000000000e+00,0.000000000000000000e+00,4.629629629629627985e-01,-4.629629629629632426e-01,0.000000000000000000e+00,0.000000000000000000e+00,-9.259259259259259300e-01,0.000000000000000000e+00,0.000000000000000000e+00,0.000000000000000000e+00,-2.314814814814814437e+00,0.000000000000000000e+00,0.000000000000000000e+00,-4.629629629629629650e-01,0.000000000000000000e+00,4.629629629629629650e-01,0.000000000000000000e+00,4.629629629629629650e-01,0.000000000000000000e+00,0.000000000000000000e+00,0.000000000000000000e+00,0.000000000000000000e+00,0.000000000000000000e+00,4.629629629629626875e-01,-9.259259259259259300e-01,-4.629629629629626875e-01,2.777777777777785673e+00
