1.481481481481488061e+00,0.000000000000000000e+00,0.000000000000000000e+00,-3.703703703703711270e-01,1.111111111111111605e+00,-1.481481481481480955e+00,0.000000000000000000e+00,-3.703703703703704053e-01,0.000000000000000000e+00,0.000000000000000000e+00,3.703703703703704053e-01,0.000000000000000000e+00,0.000000000000000000e+00,0.000000000000000000e+00,3.703703703703702388e-01,3.703703703703704053e-01,0.000000000000000000e+00,0.000000000000000000e+00,0.000000000000000000e+00,-3.703703703703703498e-01,0.000000000000000000e+00,0.000000000000000000e+00,0.000000000000000000e+00,0.000000000000000000e+00,-7.407407407407408106e-01,3.703703703703704053e-01,0.000000000000000000e+00,-3.703703703703702388e-01,0.000000000000000000e+00,0.000000000000000000e+00,0.000000000000000000e+00,-3.703703703703704608e-01
-3.968253968253968034e-01,-1.984126984126984183e+00,1.984126984126987736e+00,3.968253968253968034e-01,0.000000000000000000e+00,0.000000000000000000e+00,3.968253968253968034e-01,0.000000000000000000e+00,0.000000000000000000e+00,0.000000000000000000e+00,-1.190476190476190022e+00,3.968253968253967479e-01,3.968253968253971919e-01,3.968253968253967479e-01,0.000000000000000000e+00,0.000000000000000000e+00,0.000000000000000000e+00,0.000000000000000000e+00,-3.968253968253968034e-01,-3.968253968253969699e-01,0.000000000000000000e+00,3.968253968253967479e-01,0.000000000000000000e+00,0.000000000000000000e+00,0.000000000000000000e+00,0.000000000000000000e+00,0.000000000000000000e+00,3.968253968253963038e-01,0.000000000000000000e+00,0.000000000000000000e+00,-3.968253968253968589e-01,0.000000000000000000e+00
0.000000000000000000e+00,1.694915254237288949e+00,-7.105427357601001859e-15,-2.824858757062146397e-01,2.824858757062140846e-01,-2.824858757062146397e-01,-5.649717514124295015e-01,2.824858757062147507e-01,0.000000000000000000e+00,0.000000000000000000e+00,5.649717514124292794e-01,0.000000000000000000e+00,-8.474576271186444743e-01,0.000000000000000000e+00,2.824858757062146952e-01,0.000000000000000000e+00,-5.649717514124290574e-01,0.000000000000000000e+00,-2.824858757062145287e-01,2.824858757062146397e-01,2.824858757062146952e-01,2.824858757062147507e-01,0.000000000000000000e+00,-5.649717514124295015e-01,0.000000000000000000e+00,0.000000000000000000e+00,0.000000000000000000e+00,-2.824858757062145287e-01,0.000000000000000000e+00,2.824858757062145287e-01,-2.824858757062146952e-01,-2.824858757062146952e-01
-4.444444444444446418e-01,0.000000000000000000e+00,0.000000000000000000e+00,3.111111111111114269e+00,1.333333333333333925e+00,-1.333333333333333259e+00,0.000000000000000000e+00,0.000000000000000000e+00,4.444444444444446418e-01,-4.444444444444444198e-01,0.000000000000000000e+00,0.000000000000000000e+00,0.000000000000000000e+00,0.000000000000000000e+00,-1.333333333333335702e+00,0.000000000000000000e+00,0.000000000000000000e+00,0.000000000000000000e+00,0.000000000000000000e+00,-1.333333333333333925e+00,4.444444444444444753e-01,0.000000000000000000e+00,-4.444444444444446418e-01,0.000000000000000000e+00,0.000000000000000000e+00,0.000000000000000000e+00,-4.444444444444444753e-01,0.000000000000000000e+00,0.000000000000000000e+00,8.888888888888892836e-01,0.000000000000000000e+00,-4.444444444444444753e-01
0.000000000000000000e+00,0.000000000000000000e+00,4.065040650406503975e-01,0.000000000000000000e+00,2.439024390243901053e+00,-1.219512195121950526e+00,-4.065040650406503975e-01,0.000000000000000000e+00,4.065040650406506195e-01,0.000000000000000000e+00,-4.065040650406503975e-01,0.000000000000000000e+00,0.000000000000000000e+00,0.000000000000000000e+00,0.000000000000000000e+00,0.000000000000000000e+00,0.000000000000000000e+00,0.000000000000000000e+00,0.000000000000000000e+00,-4.065040650406503975e-01,0.000000000000000000e+00,0.000000000000000000e+00,0.000000000000000000e+00,0.000000000000000000e+00,0.000000000000000000e+00,-4.065040650406503975e-01,0.000000000000000000e+00,0.000000000000000000e+00,4.065040650406503975e-01,-4.065040650406503975e-01,-4.065040650406503975e-01,0.000000000000000000e+00
1.777777777777778567e+00,0.000000000000000000e+00,0.000000000000000000e+00,0.000000000000000000e+00,4.444444444444428655e-01,7.105427357601001859e-15,0.000000000000000000e+00,0.000000000000000000e+00,0.000000000000000000e+00,0.000000000000000000e+00,0.000000000000000000e+00,0.000000000000000000e+00,0.000000000000000000e+00,0.000000000000000000e+00,0.000000000000000000e+00,0.000000000000000000e+00,0.000000000000000000e+00,0.000000000000000000e+00,4.444444444444443088e-01,-4.444444444444444198e-01,0.000000000000000000e+00,0.000000000000000000e+00,0.000000000000000000e+00,0.000000000000000000e+00,0.000000000000000000e+00,0.000000000000000000e+00,0.000000000000000000e+00,0.000000000000000000e+00,0.000000000000000000e+00,4.444444444444446418e-01,-3.555555555555556246e+00,8.888888888888892836e-01
0.000000000000000000e+00,-8.881784197001252323e-16,0.000000000000000000e+00,0.000000000000000000e+00,0.000000000000000000e+00,-9.523809523809523281e-01,9.523809523809561028e-01,0.000000000000000000e+00,0.000000000000000000e+00,4.761904761904762196e-01,0.000000000000000000e+00,1.904761904761904656e+00,0.000000000000000000e+00,-9.523809523809489974e-01,0.000000000000000000e+00,0.000000000000000000e+00,-4.761904761904762196e-01,0.000000000000000000e+00,4.761904761904780514e-01,0.000000000000000000e+00,0.000000000000000000e+00,0.000000000000000000e+00,0.000000000000000000e+00,0.000000000000000000e+00,0.000000000000000000e+00,0.000000000000000000e+00,0.000000000000000000e+00,-1.428571428571428603e+00,0.000000000000000000e+00,0.000000000000000000e+00,0.000000000000000000e+00,0.000000000000000000e+00
8.771929824561404132e-01,-4.385964912280701511e-01,4.385964912280700956e-01,0.000000000000000000e+00,0.000000000000000000e+00,-4.385964912280700956e-01,0.000000000000000000e+00,0.000000000000000000e+00,0.000000000000000000e+00,0.000000000000000000e+00,0.000000000000000000e+00,0.000000000000000000e+00,-4.385964912280701511e-01,0.000000000000000000e+00,0.000000000000000000e+00,0.000000000000000000e+00,0.000000000000000000e+00,0.000000000000000000e+00,0.000000000000000000e+00,-4.385964912280702066e-01,0.000000000000000000e+00,0.000000000000000000e+00,0.000000000000000000e+00,0.000000000000000000e+00,0.000000000000000000e+00,0.000000000000000000e+00,0.000000000000000000e+00,-4.385964912280702066e-01,0.000000000000000000e+00,4.385964912280700956e-01,8.771929824561401912e-01,-4.385964912280702066e-01
0.000000000000000000e+00,0.000000000000000000e+00,0.000000000000000000e+00,0.000000000000000000e+00,0.000000000000000000e+00,0.000000000000000000e+00,0.000000000000000000e+00,3.546099290780141411e-01,7.092198581560325010e-01,0.000000000000000000e+00,0.000000000000000000e+00,0.000000000000000000e+00,0.000000000000000000e+00,0.000000000000000000e+00,-3.546099290780140301e-01,0.000000000000000000e+00,0.000000000000000000e+00,0.000000000000000000e+00,3.546099290780141966e-01,-7.092198581560271720e-01,-3.546099290780141966e-01,0.000000000000000000e+00,3.546099290780142521e-01,0.000000000000000000e+00,-3.546099290780141966e-01,-3.546099290780153623e-01,-3.546099290780144742e-01,0.000000000000000000e+00,3.546099290780141966e-01,0.000000000000000000e+00,0.000000000000000000e+00,3.546099290780141411e-01
0.000000000000000000e+00,0.000000000000000000e+00,0.000000000000000000e+00,0.000000000000000000e+00,0.000000000000000000e+00,0.000000000000000000e+00,0.000000000000000000e+00,7.843137254901960675e-01,3.921568627450975342e-01,3.921568627450966460e-01,0.000000000000000000e+00,0.000000000000000000e+00,0.000000000000000000e+00,0.000000000000000000e+00,7.843137254901959565e-01,0.000000000000000000e+00,0.000000000000000000e+00,-7.843137254901959565e-01,0.000000000000000000e+00,0.000000000000000000e+00,0.000000000000000000e+00,0.000000000000000000e+00,-1.776356839400250465e-15,0.000000000000000000e+00,0.000000000000000000e+00,0.000000000000000000e+00,-3.921568627450975342e-01,0.000000000000000000e+00,0.000000000000000000e+00,-7.843137254901959565e-01,0.000000000000000000e+00,-3.921568627450980338e-01
1.315789473684210398e+00,8.771929824561401912e-01,0.000000000000000000e+00,-4.385964912280701511e-01,0.000000000000000000e+00,0.000000000000000000e+00,0.000000000000000000e+00,-4.385964912280701511e-01,0.000000000000000000e+00,0.000000000000000000e+00,-4.385964912280705619e+00,0.000000000000000000e+00,0.000000000000000000e+00,0.000000000000000000e+00,0.000000000000000000e+00,4.385964912280701511e-01,0.000000000000000000e+00,0.000000000000000000e+00,0.000000000000000000e+00,4.385964912280701511e-01,0.000000000000000000e+00,-8.771929824561403022e-01,0.000000000000000000e+00,0.000000000000000000e+00,0.000000000000000000e+00,0.000000000000000000e+00,-4.385964912280701511e-01,3.508771929824561653e+00,0.000000000000000000e+00,4.385964912280702066e-01,-4.385964912280701511e-01,0.000000000000000000e+00
3.663003663003663313e-01,-7.326007326007326625e-01,3.663003663003663313e-01,-3.663003663003663313e-01,0.000000000000000000e+00,-3.663003663003665533e-01,3.663003663003658872e-01,0.000000000000000000e+00,-3.663003663003663313e-01,-3.663003663003663313e-01,-1.098901098901097662e+00,-7.326007326007299980e-01,0.000000000000000000e+00,0.000000000000000000e+00,0.000000000000000000e+00,0.000000000000000000e+00,0.000000000000000000e+00,0.000000000000000000e+00,7.326007326007322185e-01,3.663003663003663313e-01,0.000000000000000000e+00,0.000000000000000000e+00,0.000000000000000000e+00,-3.663003663003661092e-01,0.000000000000000000e+00,0.000000000000000000e+00,0.000000000000000000e+00,1.098901098901098550e+00,0.000000000000000000e+00,7.326007326007326625e-01,3.663003663003663313e-01,0.000000000000000000e+00
0.000000000000000000e+00,-2.032520325203251765e+00,1.219512195121951414e+00,0.000000000000000000e+00,0.000000000000000000e+00,4.065040650406503975e-01,8.130081300813007950e-01,0.000000000000000000e+00,0.000000000000000000e+00,0.000000000000000000e+00,0.000000000000000000e+00,-4.065040650406501754e-01,1.219512195121964737e+00,-4.065040650406503975e-01,0.000000000000000000e+00,0.000000000000000000e+00,4.065040650406503975e-01,0.000000000000000000e+00,0.000000000000000000e+00,0.000000000000000000e+00,-4.065040650406503975e-01,0.000000000000000000e+00,0.000000000000000000e+00,0.000000000000000000e+00,0.000000000000000000e+00,0.000000000000000000e+00,0.000000000000000000e+00,-4.065040650406503975e-01,0.000000000000000000e+00,-4.065040650406503975e-01,0.000000000000000000e+00,0.000000000000000000e+00
0.000000000000000000e+00,3.472222222222224319e-01,3.472222222222214327e-01,0.000000000000000000e+00,0.000000000000000000e+00,0.000000000000000000e+00,6.944444444444428655e-01,-3.472222222222221544e-01,0.000000000000000000e+00,0.000000000000000000e+00,6.944444444444444198e-01,0.000000000000000000e+00,-3.472222222222220989e-01,0.000000000000000000e+00,0.000000000000000000e+00,3.472222222222221544e-01,-1.736111111111110938e+00,0.000000000000000000e+00,3.472222222222223209e-01,0.000000000000000000e+00,0.000000000000000000e+00,0.000000000000000000e+00,0.000000000000000000e+00,0.000000000000000000e+00,0.000000000000000000e+00,3.472222222222221544e-01,0.000000000000000000e+00,0.000000000000000000e+00,0.000000000000000000e+00,-8.881784197001252323e-16,-6.944444444444444198e-01,0.000000000000000000e+00
3.436426116838487421e-01,-3.436426116838487421e-01,0.000000000000000000e+00,6.872852233676987055e-01,-3.436426116838484646e-01,-3.436426116838487976e-01,0.000000000000000000e+00,-3.436426116838487421e-01,0.000000000000000000e+00,-3.436426116838486866e-01,0.000000000000000000e+00,0.000000000000000000e+00,0.000000000000000000e+00,0.000000000000000000e+00,-1.030927835051549835e+00,0.000000000000000000e+00,0.000000000000000000e+00,0.000000000000000000e+00,0.000000000000000000e+00,0.000000000000000000e+00,-6.872852233676974842e-01,0.000000000000000000e+00,1.374570446735395635e+00,-3.436426116838487421e-01,-3.436426116838489087e-01,0.000000000000000000e+00,3.436426116838489087e-01,0.000000000000000000e+00,6.872852233676974842e-01,6.872852233676978173e-01,0.000000000000000000e+00,0.000000000000000000e+00
0.000000000000000000e+00,0.000000000000000000e+00,0.000000000000000000e+00,0.000000000000000000e+00,0.000000000000000000e+00,0.000000000000000000e+00,0.000000000000000000e+00,0.000000000000000000e+00,-6.535947712418301858e-01,0.000000000000000000e+00,0.000000000000000000e+00,0.000000000000000000e+00,-1.307189542483660150e+00,0.000000000000000000e+00,0.000000000000000000e+00,-7.105427357601001859e-15,0.000000000000000000e+00,6.535947712418301858e-01,0.000000000000000000e+00,0.000000000000000000e+00,0.000000000000000000e+00,6.535947712418300748e-01,0.000000000000000000e+00,0.000000000000000000e+00,0.000000000000000000e+00,0.000000000000000000e+00,0.000000000000000000e+00,0.000000000000000000e+00,0.000000000000000000e+00,6.535947712418300748e-01,0.000000000000000000e+00,1.776356839400250465e-15
0.000000000000000000e+00,-2.164502164502167147e+00,2.597402597402595603e+00,0.000000000000000000e+00,0.000000000000000000e+00,0.000000000000000000e+00,0.000000000000000000e+00,0.000000000000000000e+00,0.000000000000000000e+00,4.329004329004328966e-01,0.000000000000000000e+00,-8.658008658008657932e-01,8.658008658008657932e-01,0.000000000000000000e+00,0.000000000000000000e+00,0.000000000000000000e+00,-4.329004329004320084e-01,-4.329004329004328966e-01,0.000000000000000000e+00,0.000000000000000000e+00,0.000000000000000000e+00,0.000000000000000000e+00,0.000000000000000000e+00,0.000000000000000000e+00,0.000000000000000000e+00,0.000000000000000000e+00,0.000000000000000000e+00,8.658008658008657932e-01,0.000000000000000000e+00,-4.329004329004328966e-01,-4.329004329004328966e-01,0.000000000000000000e+00
0.000000000000000000e+00,0.000000000000000000e+00,0.000000000000000000e+00,0.000000000000000000e+00,0.000000000000000000e+00,0.000000000000000000e+00,0.000000000000000000e+00,0.000000000000000000e+00,0.000000000000000000e+00,-1.333333333333333925e+00,0.000000000000000000e+00,0.000000000000000000e+00,-4.444444444444444753e-01,0.000000000000000000e+00,0.000000000000000000e+00,-4.444444444444444753e-01,0.000000000000000000e+00,8.888888888888857309e-01,0.000000000000000000e+00,-4.444444444444443088e-01,8.888888888888888395e-01,0.000000000000000000e+00,0.000000000000000000e+00,0.000000000000000000e+00,0.000000000000000000e+00,0.000000000000000000e+00,-8.888888888888897277e-01,4.444444444444443088e-01,4.444444444444443088e-01,8.888888888888892836e-01,0.000000000000000000e+00,0.000000000000000000e+00
-4.694835680751174301e-01,4.694835680751174301e-01,0.000000000000000000e+00,0.000000000000000000e+00,0.000000000000000000e+00,0.000000000000000000e+00,-4.694835680751126006e-01,0.000000000000000000e+00,0.000000000000000000e+00,4.694835680751170415e-01,0.000000000000000000e+00,4.440892098500626162e-16,0.000000000000000000e+00,-4.694835680751168194e-01,0.000000000000000000e+00,0.000000000000000000e+00,0.000000000000000000e+00,0.000000000000000000e+00,0.000000000000000000e+00,0.000000000000000000e+00,-4.694835680751174301e-01,0.000000000000000000e+00,0.000000000000000000e+00,-4.694835680751174301e-01,0.000000000000000000e+00,0.000000000000000000e+00,4.694835680751173745e-01,4.694835680751170415e-01,0.000000000000000000e+00,4.694835680751165974e-01,0.000000000000000000e+00,0.000000000000000000e+00
-4.115226337448559257e-01,0.000000000000000000e+00,0.000000000000000000e+00,-4.115226337448572025e-01,-4.115226337448559257e-01,-4.440892098500626162e-16,0.000000000000000000e+00,0.000000000000000000e+00,4.115226337448554261e-01,1.234567901234567611e+00,0.000000000000000000e+00,0.000000000000000000e+00,0.000000000000000000e+00,0.000000000000000000e+00,-8.230452674897119625e-01,-4.115226337448559257e-01,0.000000000000000000e+00,-4.115226337448559812e-01,0.000000000000000000e+00,1.646090534979421705e+00,-4.115226337448559257e-01,0.000000000000000000e+00,-4.115226337448559812e-01,0.000000000000000000e+00,0.000000000000000000e+00,4.115226337448559257e-01,0.000000000000000000e+00,4.115226337448559257e-01,0.000000000000000000e+00,-4.115226337448556482e-01,0.000000000000000000e+00,0.000000000000000000e+00
3.236245954692556492e-01,0.000000000000000000e+00,0.000000000000000000e+00,0.000000000000000000e+00,-3.236245954692555937e-01,0.000000000000000000e+00,0.000000000000000000e+00,-3.236245954692556492e-01,0.000000000000000000e+00,0.000000000000000000e+00,0.000000000000000000e+00,-3.236245954692556492e-01,0.000000000000000000e+00,0.000000000000000000e+00,0.000000000000000000e+00,0.000000000000000000e+00,0.000000000000000000e+00,9.708737864077674473e-01,0.000000000000000000e+00,-3.236245954692558158e-01,0.000000000000000000e+00,0.000000000000000000e+00,3.236245954692556492e-01,0.000000000000000000e+00,3.236245954692556492e-01,0.000000000000000000e+00,-3.236245954692567040e-01,0.000000000000000000e+00,0.000000000000000000e+00,-3.236245954692549276e-01,0.000000000000000000e+00,0.000000000000000000e+00
0.000000000000000000e+00,-3.703703703703704053e-01,3.703703703703704053e-01,0.000000000000000000e+00,0.000000000000000000e+00,0.000000000000000000e+00,0.000000000000000000e+00,-3.703703703703704053e-01,0.000000000000000000e+00,0.000000000000000000e+00,3.703703703703704053e-01,3.703703703703706829e-01,-3.703703703703704608e-01,0.000000000000000000e+00,0.000000000000000000e+00,0.000000000000000000e+00,0.000000000000000000e+00,0.000000000000000000e+00,0.000000000000000000e+00,0.000000000000000000e+00,0.000000000000000000e+00,0.000000000000000000e+00,0.000000000000000000e+00,-3.703703703703704608e-01,0.000000000000000000e+00,0.000000000000000000e+00,0.000000000000000000e+00,3.703703703703704053e-01,3.703703703703704608e-01,-3.703703703703702388e-01,0.000000000000000000e+00,0.000000000000000000e+00
0.000000000000000000e+00,0.000000000000000000e+00,0.000000000000000000e+00,3.921568627450980893e-01,0.000000000000000000e+00,0.000000000000000000e+00,3.921568627450980893e-01,0.000000000000000000e+00,3.921568627450980338e-01,0.000000000000000000e+00,-3.921568627450980338e-01,-3.921568627450980893e-01,0.000000000000000000e+00,0.000000000000000000e+00,-7.843137254901986211e-01,-3.921568627450980338e-01,0.000000000000000000e+00,7.843137254901959565e-01,0.000000000000000000e+00,-7.843137254901961786e-01,0.000000000000000000e+00,0.000000000000000000e+00,1.568627450980386584e+00,0.000000000000000000e+00,0.000000000000000000e+00,0.000000000000000000e+00,-7.843137254901955124e-01,0.000000000000000000e+00,-7.843137254901955124e-01,7.843137254901950683e-01,0.000000000000000000e+00,0.000000000000000000e+00
3.508771929824567870e-01,0.000000000000000000e+00,0.000000000000000000e+00,0.000000000000000000e+00,-3.508771929824561209e-01,0.000000000000000000e+00,0.000000000000000000e+00,-3.508771929824561209e-01,0.000000000000000000e+00,0.000000000000000000e+00,0.000000000000000000e+00,7.017543859649122417e-01,0.000000000000000000e+00,0.000000000000000000e+00,0.000000000000000000e+00,0.000000000000000000e+00,0.000000000000000000e+00,0.000000000000000000e+00,0.000000000000000000e+00,0.000000000000000000e+00,0.000000000000000000e+00,0.000000000000000000e+00,0.000000000000000000e+00,1.403508771929821819e+00,0.000000000000000000e+00,0.000000000000000000e+00,0.000000000000000000e+00,-7.017543859649117977e-01,-7.017543859649124638e-01,0.000000000000000000e+00,-3.508771929824561209e-01,0.000000000000000000e+00
-4.016064257028112983e-01,0.000000000000000000e+00,0.000000000000000000e+00,0.000000000000000000e+00,4.016064257028112983e-01,0.000000000000000000e+00,0.000000000000000000e+00,0.000000000000000000e+00,0.000000000000000000e+00,0.000000000000000000e+00,0.000000000000000000e+00,0.000000000000000000e+00,0.000000000000000000e+00,0.000000000000000000e+00,0.000000000000000000e+00,0.000000000000000000e+00,0.000000000000000000e+00,0.000000000000000000e+00,0.000000000000000000e+00,0.000000000000000000e+00,0.000000000000000000e+00,0.000000000000000000e+00,-4.016064257028112983e-01,0.000000000000000000e+00,1.606425702811250744e+00,0.000000000000000000e+00,0.000000000000000000e+00,0.000000000000000000e+00,-4.016064257028126860e-01,-4.016064257028113538e-01,-4.016064257028112983e-01,0.000000000000000000e+00
0.000000000000000000e+00,0.000000000000000000e+00,0.000000000000000000e+00,6.872852233676973732e-01,-6.872852233676978173e-01,-3.436426116838487421e-01,3.436426116838487421e-01,0.000000000000000000e+00,3.436426116838493527e-01,-3.436426116838489087e-01,0.000000000000000000e+00,0.000000000000000000e+00,3.436426116838487421e-01,0.000000000000000000e+00,3.436426116838486866e-01,-3.436426116838487421e-01,0.000000000000000000e+00,0.000000000000000000e+00,-3.436426116838487421e-01,0.000000000000000000e+00,0.000000000000000000e+00,0.000000000000000000e+00,-3.436426116838486866e-01,0.000000000000000000e+00,0.000000000000000000e+00,6.872852233676951528e-01,-3.436426116838487421e-01,0.000000000000000000e+00,3.436426116838487421e-01,0.000000000000000000e+00,0.000000000000000000e+00,-3.436426116838487421e-01
0.000000000000000000e+00,0.000000000000000000e+00,-3.921568627450980338e-01,0.000000000000000000e+00,-3.921568627450980338e-01,0.000000000000000000e+00,0.000000000000000000e+00,7.843137254901960675e-01,1.176470588235294379e+00,-3.921568627450979783e-01,0.000000000000000000e+00,0.000000000000000000e+00,0.000000000000000000e+00,0.000000000000000000e+00,0.000000000000000000e+00,-7.843137254901960675e-01,0.000000000000000000e+00,-4.440892098500626162e-16,0.000000000000000000e+00,0.000000000000000000e+00,3.921568627450966460e-01,0.000000000000000000e+00,-3.921568627450975342e-01,0.000000000000000000e+00,0.000000000000000000e+00,0.000000000000000000e+00,0.000000000000000000e+00,0.000000000000000000e+00,0.000000000000000000e+00,-3.921568627450975342e-01,0.000000000000000000e+00,3.921568627450980338e-01
6.535947712418301858e-01,-3.267973856209138717e-01,-3.267973856209150374e-01,0.000000000000000000e+00,0.000000000000000000e+00,-3.267973856209150929e-01,0.000000000000000000e+00,0.000000000000000000e+00,0.000000000000000000e+00,0.000000000000000000e+00,-1.633986928104576464e+00,6.535947712418304079e-01,0.000000000000000000e+00,0.000000000000000000e+00,0.000000000000000000e+00,0.000000000000000000e+00,0.000000000000000000e+00,0.000000000000000000e+00,3.267973856209149819e-01,0.000000000000000000e+00,0.000000000000000000e+00,3.267973856209150374e-01,0.000000000000000000e+00,-3.267973856209138717e-01,-3.267973856209147598e-01,0.000000000000000000e+00,0.000000000000000000e+00,1.960784313725490335e+00,-6.535947712418299638e-01,0.000000000000000000e+00,0.000000000000000000e+00,0.000000000000000000e+00
0.000000000000000000e+00,0.000000000000000000e+00,0.000000000000000000e+00,0.000000000000000000e+00,0.000000000000000000e+00,0.000000000000000000e+00,0.000000000000000000e+00,0.000000000000000000e+00,0.000000000000000000e+00,-4.065040650406503975e-01,4.065040650406506195e-01,0.000000000000000000e+00,0.000000000000000000e+00,0.000000000000000000e+00,0.000000000000000000e+00,0.000000000000000000e+00,0.000000000000000000e+00,0.000000000000000000e+00,0.000000000000000000e+00,0.000000000000000000e+00,0.000000000000000000e+00,4.065040650406503975e-01,4.065040650406503975e-01,-4.065040650406503975e-01,-2.032520325203250877e+00,0.000000000000000000e+00,0.000000000000000000e+00,-4.065040650406501754e-01,2.032520325203250877e+00,0.000000000000000000e+00,0.000000000000000000e+00,0.000000000000000000e+00
-2.252252252252255893e-01,-9.009009009009010249e-01,2.252252252252251452e-01,0.000000000000000000e+00,0.000000000000000000e+00,0.000000000000000000e+00,2.252252252252253117e-01,0.000000000000000000e+00,0.000000000000000000e+00,0.000000000000000000e+00,-4.504504504504504014e-01,2.252252252252252562e-01,0.000000000000000000e+00,0.000000000000000000e+00,6.756756756756763238e-01,0.000000000000000000e+00,2.252252252252251452e-01,2.252252252252251452e-01,-2.252252252252252285e-01,0.000000000000000000e+00,-2.252252252252251452e-01,0.000000000000000000e+00,0.000000000000000000e+00,0.000000000000000000e+00,0.000000000000000000e+00,0.000000000000000000e+00,0.000000000000000000e+00,2.252252252252252285e-01,0.000000000000000000e+00,-2.252252252252304743e-01,0.000000000000000000e+00,2.252252252252251452e-01
-4.065040650406501754e-01,-4.065040650406503975e-01,-4.065040650406501754e-01,0.000000000000000000e+00,4.065040650406501754e-01,8.130081300813007950e-01,0.000000000000000000e+00,0.000000000000000000e+00,0.000000000000000000e+00,0.000000000000000000e+00,8.130081300813007950e-01,0.000000000000000000e+00,0.000000000000000000e+00,4.065040650406503975e-01,0.000000000000000000e+00,0.000000000000000000e+00,0.000000000000000000e+00,0.000000000000000000e+00,0.000000000000000000e+00,-4.065040650406503975e-01,0.000000000000000000e+00,0.000000000000000000e+00,0.000000000000000000e+00,0.000000000000000000e+00,0.000000000000000000e+00,0.000000000000000000e+00,0.000000000000000000e+00,-4.065040650406503975e-01,0.000000000000000000e+00,4.065040650406501754e-01,-4.065040650406501754e-01,-4.065040650406503975e-01
0.000000000000000000e+00,0.000000000000000000e+00,0.000000000000000000e+00,0.000000000000000000e+00,0.000000000000000000e+00,4.629629629629632426e-01,0.000000000000000000e+00,4.629629629629632426e-01,0.000000000000000000e+00,0.000000000000000000e+00,-4.629629629629629650e-01,0.000000000000000000e+00,0.000000000000000000e+00,0.000000000000000000e+00,0.000000000000000000e+00,0.000000000000000000e+00,0.000000000000000000e+00,0.000000000000000000e+00,-4.629629629629630205e-01,-4.629629629629626875e-01,0.000000000000000000e+00,0.000000000000000000e+00,-4.629629629629629650e-01,0.000000000000000000e+00,0.000000000000000000e+00,0.000000000000000000e+00,0.000000000000000000e+00,0.000000000000000000e+00,9.259259259259258190e-01,0.000000000000000000e+00,-9.259259259259255970e-01,9.259259259259238206e-01
